;;  Data from Asplund et al. 2009, ARAA, 47, 481
;;
; readcol,'asplund_abundances.txt',z,element,$
;      photo,photo_err,meteor,meteor_err,$
;      abundance,err,format='f,a,f,f,f,f,f,f'
;
;;
 Z  ELEMENT PHOTO   PHOTO_ERR  METEOR METEOR_ERR DIFF_PH_MET  BEST    ERR
 1    H      12.00   30.00       8.22    0.04       3.78       12.0    0.00
 2   He      10.93    0.01       1.29   30.00       9.64      10.93    0.01
 3   Li       1.05    0.10       3.26    0.05      -2.21       3.26    0.05
 4   Be       1.38    0.09       1.30    0.03       0.08       1.31    0.03
 5    B       2.70    0.20       2.79    0.04      -0.09       2.79    0.04
 6    C       8.43    0.05       7.39    0.04       1.04       8.43    0.05
 7    N       7.83    0.05       6.26    0.06       1.57       7.83    0.05
 8    O       8.69    0.05       8.40    0.04       0.29       8.69    0.05
 9    F       4.56    0.30       4.42    0.06       0.14       4.43    0.06
10   Ne       7.93    0.10      -1.12   30.00       9.05       7.93    0.10
11   Na       6.24    0.04       6.27    0.02      -0.03       6.26    0.02
12   Mg       7.60    0.04       7.53    0.01       0.07       7.53    0.01
13   Al       6.45    0.03       6.43    0.01       0.02       6.43    0.01
14   Si       7.51    0.03       7.51    0.01       0.00       7.51    0.01
15    P       5.41    0.03       5.43    0.04      -0.02       5.42    0.02
16    S       7.12    0.03       7.15    0.02      -0.03       7.14    0.02
17   Cl       5.50    0.30       5.23    0.06       0.27       5.23    0.06
18   Ar       6.40    0.13      -0.50   30.00       6.90       6.40    0.13
19    K       5.03    0.09       5.08    0.02      -0.05       5.08    0.02
20   Ca       6.34    0.04       6.29    0.02       0.05       6.30    0.02
21   Sc       3.15    0.04       3.05    0.02       0.10       3.07    0.02
22   Ti       4.95    0.05       4.91    0.03       0.04       4.92    0.03
23    V       3.93    0.08       3.96    0.02      -0.03       3.96    0.02
24   Cr       5.64    0.04       5.64    0.01       0.00       5.64    0.01
25   Mn       5.43    0.05       5.48    0.01      -0.05       5.48    0.01
26   Fe       7.50    0.04       7.45    0.01       0.05       7.45    0.01
27   Co       4.99    0.07       4.87    0.01       0.12       4.87    0.01
28   Ni       6.22    0.04       6.20    0.01       0.02       6.20    0.01
29   Cu       4.19    0.04       4.25    0.04      -0.06       4.22    0.03
30   Zn       4.56    0.05       4.63    0.04      -0.07       4.60    0.03
31   Ga       3.04    0.09       3.08    0.02      -0.04       3.08    0.02
32   Ge       3.65    0.10       3.58    0.04       0.07       3.59    0.04
33   As     -30.00   30.00       2.30    0.04     -32.30       2.30    0.04
34   Se     -30.00   30.00       3.34    0.03     -33.34       3.34    0.03
35   Br     -30.00   30.00       2.54    0.06     -32.54       2.54    0.06
36   Kr       3.25    0.06      -2.27   30.00       5.52       3.25    0.06
37   Rb       2.52    0.10       2.36    0.03       0.16       2.36    0.03
38   Sr       2.87    0.07       2.88    0.03      -0.01       2.88    0.03
39    Y       2.21    0.05       2.17    0.04       0.04       2.19    0.03
40   Zr       2.58    0.04       2.53    0.04       0.05       2.56    0.03
41   Nb       1.46    0.04       1.41    0.04       0.05       1.43    0.03
42   Mo       1.88    0.08       1.94    0.04      -0.06       1.93    0.04
44   Ru       1.75    0.08       1.76    0.03      -0.01       1.76    0.03
45   Rh       0.91    0.10       1.06    0.04      -0.15       1.06    0.04
46   Pd       1.57    0.10       1.65    0.02      -0.08       1.65    0.02
47   Ag       0.94    0.10       1.20    0.02      -0.26       1.19    0.02
48   Cd     -30.00   30.00       1.71    0.03     -31.71       1.71    0.03
49   In       0.80    0.20       0.76    0.03       0.04       0.76    0.03
50   Sn       2.04    0.10       2.07    0.06      -0.03       2.06    0.05
51   Sb     -30.00   30.00       1.01    0.06     -31.01       1.01    0.06
52   Te     -30.00   30.00       2.18    0.03     -32.18       2.18    0.03
53    I     -30.00   30.00       1.55    0.08     -31.55       1.55    0.08
54   Xe       2.24    0.06      -1.95   30.00       4.19       2.24    0.06
55   Cs     -30.00   30.00       1.08    0.02     -31.08       1.08    0.02
56   Ba       2.18    0.09       2.18    0.03       0.00       2.18    0.03
57   La       1.10    0.04       1.17    0.02      -0.07       1.16    0.02
58   Ce       1.58    0.04       1.58    0.02       0.00       1.58    0.02
59   Pr       0.72    0.04       0.76    0.03      -0.04       0.75    0.02
60   Nd       1.42    0.04       1.45    0.02      -0.03       1.44    0.02
62   Sm       0.96    0.04       0.94    0.02       0.02       0.94    0.02
63   Eu       0.52    0.04       0.51    0.02       0.01       0.51    0.02
64   Gd       1.07    0.04       1.05    0.02       0.02       1.05    0.02
65   Tb       0.30    0.10       0.32    0.03      -0.02       0.32    0.03
66   Dy       1.10    0.04       1.13    0.02      -0.03       1.12    0.02
67   Ho       0.48    0.11       0.47    0.03       0.01       0.47    0.03
68   Er       0.92    0.05       0.92    0.02       0.00       0.92    0.02
69   Tm       0.10    0.04       0.12    0.03      -0.02       0.11    0.02
70   Yb       0.84    0.11       0.92    0.02      -0.08       0.92    0.02
71   Lu       0.10    0.09       0.09    0.02       0.01       0.09    0.02
72   Hf       0.85    0.04       0.71    0.02       0.14       0.71    0.02
73   Ta     -30.00   30.00      -0.12    0.04     -29.88      -0.12    0.04
74    W       0.85    0.12       0.65    0.04       0.20       0.67    0.04
75   Re     -30.00   30.00       0.26    0.04     -30.26       0.26    0.04
76   Os       1.40    0.08       1.35    0.03       0.05       1.36    0.03
77   Ir       1.38    0.07       1.32    0.02       0.06       1.32    0.02
78   Pt     -30.00   30.00       1.62    0.03     -31.62       1.62    0.03
79   Au       0.92    0.10       0.80    0.04       0.12       0.82    0.04
80   Hg     -30.00   30.00       1.17    0.08     -31.17       1.17    0.08
81   Tl       0.90    0.20       0.77    0.03       0.13       0.77    0.03
82   Pb       1.75    0.10       2.04    0.03      -0.29       2.04    0.03
83   Bi     -30.00   30.00       0.65    0.04     -30.65       0.65    0.04
90   Th       0.02    0.10       0.06    0.03      -0.04       0.06    0.03
92    U     -30.00   30.00      -0.54    0.03     -29.46      -0.54    0.03

;1   H    12.00 30        8.22  0.04         
;2   He   10.93  0.01     1.29  30                
;3   Li    1.05  0.10     3.26  0.05         
;4   Be    1.38  0.09     1.30  0.03         
;5   B     2.70  0.20     2.79  0.04         
;6   C     8.43  0.05     7.39  0.04         
;7   N     7.83  0.05     6.26  0.06         
;8   O     8.69  0.05     8.40  0.04         
;9   F     4.56  0.30     4.42  0.06         
;10  Ne    7.93  0.10     -1.12 30.
;11  Na    6.24  0.04     6.27  0.02         
;12  Mg    7.60  0.04     7.53  0.01         
;13  Al    6.45  0.03     6.43  0.01         
;14  Si    7.51  0.03     7.51  0.01         
;15  P     5.41  0.03     5.43  0.04         
;16  S     7.12  0.03     7.15  0.02         
;17  Cl    5.50  0.30     5.23  0.06         
;18  Ar    6.40  0.13     -0.50 30
;19  K     5.03  0.09     5.08  0.02         
;20  Ca    6.34  0.04     6.29  0.02         
;21  Sc    3.15  0.04     3.05  0.02         
;22  Ti    4.95  0.05     4.91  0.03         
;23  V     3.93  0.08     3.96  0.02         
;24  Cr    5.64  0.04     5.64  0.01         
;25  Mn    5.43  0.05     5.48  0.01         
;26  Fe    7.50  0.04     7.45  0.01         
;27  Co    4.99  0.07     4.87  0.01         
;28  Ni    6.22  0.04     6.20  0.01         
;29  Cu    4.19  0.04     4.25  0.04         
;30  Zn    4.56  0.05     4.63  0.04         
;31  Ga    3.04  0.09     3.08  0.02         
;32  Ge    3.65  0.10     3.58  0.04         
;33  As    -30.00 30      2.30  0.04         
;34  Se    -30.00 30      3.34  0.03         
;35  Br    -30.00 30      2.54  0.06         
;36  Kr    3.25  0.06     -2.27 30              
;37  Rb    2.52  0.10     2.36  0.03         
;38  Sr    2.87  0.07     2.88  0.03         
;39  Y     2.21  0.05     2.17  0.04         
;40  Zr    2.58  0.04     2.53  0.04         
;41  Nb    1.46  0.04     1.41  0.04         
;42  Mo    1.88  0.08     1.94  0.04         
;44  Ru    1.75  0.08     1.76  0.03   
;45  Rh    0.91  0.10     1.06  0.04   
;46  Pd    1.57  0.10     1.65  0.02   
;47  Ag    0.94  0.10     1.20  0.02   
;48  Cd    -30.00 30      1.71  0.03   
;49  In    0.80  0.20     0.76  0.03   
;50  Sn    2.04  0.10     2.07  0.06   
;51  Sb    -30.00 30      1.01  0.06   
;52  Te    -30.00 30      2.18  0.03   
;53  I     -30.00 30      1.55  0.08   
;54  Xe    2.24  0.06    -1.95  30
;55  Cs    -30.00 30      1.08  0.02   
;56  Ba    2.18  0.09     2.18  0.03   
;57  La    1.10  0.04     1.17  0.02   
;58  Ce    1.58  0.04     1.58  0.02   
;59  Pr    0.72  0.04     0.76  0.03   
;60  Nd    1.42  0.04     1.45  0.02   
;62  Sm    0.96  0.04     0.94  0.02   
;63  Eu    0.52  0.04     0.51  0.02   
;64  Gd    1.07  0.04     1.05  0.02   
;65  Tb    0.30  0.10     0.32  0.03   
;66  Dy    1.10  0.04     1.13  0.02   
;67  Ho    0.48  0.11     0.47  0.03   
;68  Er    0.92  0.05     0.92  0.02   
;69  Tm    0.10  0.04     0.12  0.03   
;70  Yb    0.84  0.11     0.92  0.02   
;71  Lu    0.10  0.09     0.09  0.02   
;72  Hf    0.85  0.04     0.71  0.02   
;73  Ta    -30.00 30      -0.12  0.04  
;74  W     0.85  0.12     0.65  0.04   
;75  Re    -30.00 30      0.26  0.04   
;76  Os    1.40  0.08     1.35  0.03   
;77  Ir    1.38  0.07     1.32  0.02   
;78  Pt    -30.00 30      1.62  0.03   
;79  Au    0.92  0.10     0.80  0.04   
;80  Hg    -30.00 30      1.17  0.08   
;81  Tl    0.90  0.20     0.77  0.03   
;82  Pb    1.75  0.10     2.04  0.03   
;83  Bi    -30.00 30      0.65  0.04   
;90  Th    0.02  0.10     0.06  0.03   
;92  U     -30.00 30      -0.54  0.03  
